183 1 182 155 2 
5 6 183 0 182 181 
153 155 0 183 
4 177 178 5 7 10 
8 9 10 3 177 121 
3 178 181 1 6 7 
184 7 5 1 183 
184 6 5 3 10 11 
14 9 4 121 64 
21 14 8 4 10 12 
12 9 4 3 7 11 
185 12 10 7 184 
185 11 10 9 21 22 
186 17 35 23 
15 21 9 8 64 63 
18 60 63 14 21 19 
20 18 57 56 17 186 
16 56 35 13 186 
16 57 60 15 19 20 
187 20 18 15 21 22 
187 19 18 16 186 
19 22 12 9 14 15 
187 19 21 12 185 
13 35 36 24 
23 36 31 25 
24 31 30 26 
25 30 32 27 
26 32 29 28 
27 29 85 192 
84 85 28 27 32 33 
34 32 26 25 31 39 
39 30 25 24 36 37 
33 29 27 26 30 34 
42 34 32 29 84 80 
42 33 32 30 39 40 
38 56 17 13 23 36 
37 31 24 23 35 38 
44 38 36 31 39 41 
44 37 36 35 56 52 
41 37 31 30 34 40 
46 41 39 34 42 43 
46 40 39 37 44 45 
43 40 34 33 80 73 
73 42 40 46 47 72 
51 52 38 37 41 45 
51 44 41 46 48 53 
48 45 41 40 43 47 
49 48 46 43 72 65 
49 47 46 45 53 50 
50 48 47 65 92 
113 92 49 48 53 54 
55 53 45 44 52 58 
58 51 44 38 56 57 
54 50 48 45 51 55 
61 55 53 50 113 114 
61 54 53 51 58 59 
38 35 17 16 57 52 
58 60 18 16 56 52 
60 57 52 51 55 59 
63 60 58 55 61 62 
58 57 18 15 63 59 
62 59 55 54 114 117 
117 61 59 63 64 120 
59 60 15 14 64 62 
62 63 14 8 121 120 
93 92 49 47 72 66 
69 88 93 65 72 70 
68 89 87 69 71 76 
74 86 89 67 76 75 
67 87 88 66 70 71 
79 71 69 66 72 73 
79 70 69 67 76 77 
66 65 47 43 73 70 
70 72 43 42 80 79 
148 86 68 75 127 
126 127 74 68 76 78 
78 75 68 67 71 77 
82 78 76 71 79 81 
82 77 76 75 126 124 
81 77 71 70 73 80 
79 73 42 33 84 81 
84 80 79 77 82 83 
122 124 78 77 81 83 
122 82 81 84 85 192 
81 80 33 29 85 83 
83 84 29 28 192 
147 148 74 68 89 90 
96 88 69 67 89 91 
96 87 69 66 93 94 
90 86 68 67 87 91 
99 91 89 86 147 143 
99 90 89 87 96 97 
95 113 50 49 65 93 
94 88 66 65 92 95 
101 95 93 88 96 98 
101 94 93 92 113 109 
98 94 88 87 91 97 
103 98 96 91 99 100 
103 97 96 94 101 102 
100 97 91 90 143 136 
136 99 97 103 104 135 
108 109 95 94 98 102 
108 101 98 103 105 110 
105 102 98 97 100 104 
106 105 103 100 135 128 
106 104 103 102 110 107 
107 105 104 128 172 
175 172 106 105 110 111 
112 110 102 101 109 115 
115 108 101 95 113 114 
111 107 105 102 108 112 
118 112 110 107 175 173 
118 111 110 108 115 116 
109 114 54 50 92 95 
115 117 61 54 113 109 
117 114 109 108 112 116 
120 117 115 112 118 119 
116 120 62 61 114 115 
119 116 112 111 173 174 
174 118 116 120 121 177 
119 121 64 62 117 116 
120 64 8 4 177 119 
192 83 82 124 191 
190 125 126 124 191 
191 122 82 78 126 123 
151 127 126 123 190 152 
123 124 78 75 127 125 
125 126 75 74 148 151 
171 172 106 104 135 129 
132 168 171 128 135 133 
132 165 164 131 139 134 
137 157 164 130 139 138 
130 165 168 129 133 134 
142 134 132 129 135 136 
142 133 132 130 139 140 
129 128 104 100 136 133 
133 135 100 99 143 142 
157 131 138 188 
188 137 131 139 141 
141 138 131 130 134 140 
145 141 139 134 142 144 
145 140 139 138 188 150 
144 140 134 133 136 143 
142 136 99 90 147 144 
147 143 142 140 145 146 
149 150 141 140 144 146 
149 145 144 147 148 151 
144 143 90 86 148 146 
146 147 86 74 127 151 
152 151 146 145 150 189 
189 149 145 141 188 
146 148 127 125 152 149 
189 149 151 125 190 
2 155 161 154 
153 161 159 158 
161 153 2 0 182 162 
158 160 164 157 
137 131 164 156 
154 159 160 156 
166 160 158 154 161 163 
166 159 158 156 164 165 
163 159 154 153 155 162 
169 163 161 155 182 180 
169 162 161 159 166 167 
156 157 131 130 165 160 
166 168 132 130 164 160 
168 165 160 159 163 167 
171 168 166 163 169 170 
166 165 132 129 171 167 
170 167 163 162 180 176 
176 169 167 171 172 175 
167 168 129 128 172 170 
170 175 107 106 128 171 
179 174 118 111 175 176 
178 177 119 118 173 179 
176 173 111 107 172 170 
173 175 170 169 180 179 
119 121 4 3 178 174 
179 181 5 3 177 174 
181 178 174 173 176 180 
179 176 169 162 182 181 
179 178 5 1 182 180 
180 181 1 0 155 162 
184 6 1 0 2 
185 11 7 6 183 
187 22 12 11 184 
13 17 16 20 187 
186 20 19 22 185 
189 150 141 138 137 
188 150 149 152 190 
189 152 125 123 191 
190 123 124 122 192 
28 85 83 122 191 
