2 1 0
3 0 2
6 1 2
1 4 5
6 5 1
3 2 7
7 6 2
8 3 7
5 4 10
9 4 10
11 4 9
6 12 5
5 10 12
13 6 7
13 12 6
8 7 14
14 13 7
8 14 22
18 10 9
17 11 9
17 9 18
19 12 10
19 10 18
15 11 16
17 16 11
13 20 12
20 19 12
21 13 14
21 20 13
24 14 21
24 22 14
15 16 25
23 15 25
17 27 16
25 27 16
17 18 29
17 29 27
19 18 30
18 29 30
20 28 19
19 30 28
26 20 21
26 28 20
26 21 24
32 22 24
23 25 33
31 23 33
34 26 24
32 24 34
36 25 27
36 33 25
37 28 26
37 26 34
29 38 27
36 27 38
30 39 28
37 39 28
30 29 40
29 40 38
30 40 39
31 33 41
31 41 35
42 32 34
36 44 33
44 41 33
45 37 34
45 34 42
35 41 47
43 35 47
36 38 48
36 48 44
49 39 37
45 49 37
38 40 50
48 50 38
39 40 51
49 51 39
40 51 50
44 53 41
41 47 53
54 42 45
46 43 55
43 47 55
48 44 59
59 53 44
60 49 45
60 45 54
52 46 57
46 55 57
53 64 47
64 55 47
61 48 50
61 59 48
62 51 49
62 49 60
51 50 63
61 50 63
62 63 51
58 52 56
52 57 58
59 67 53
67 64 53
68 54 60
65 57 55
64 65 55
58 56 66
58 69 57
65 69 57
58 66 69
61 70 59
59 70 67
71 62 60
68 60 71
72 61 63
72 70 61
73 63 62
73 62 71
72 63 73
64 74 65
67 74 64
65 75 69
74 75 65
66 76 69
70 78 67
78 74 67
79 68 71
76 75 69
72 80 70
80 78 70
81 73 71
81 71 79
77 72 73
77 80 72
77 73 81
74 82 75
78 82 74
76 84 75
75 82 84
83 80 77
83 77 81
80 85 78
78 85 82
81 79 86
83 85 80
83 81 86
84 87 82
82 85 87
83 88 85
83 86 88
88 85 87
