62 61 8 64 63 
2 32 31 7 
1 32 22 3 
2 22 27 45 
5 29 140 44 
4 29 24 6 
5 24 30 7 
1 31 30 6 
11 9 61 0 64 68 72 
15 11 8 61 10 12 
14 12 9 61 73 
15 9 8 72 88 18 
13 14 10 9 15 16 
20 26 16 12 14 17 
13 12 10 73 101 17 
19 18 11 9 12 16 
21 26 13 12 15 19 
101 14 13 20 141 121 
23 19 15 11 88 100 
25 21 16 15 18 23 
27 141 17 13 26 22 
30 25 19 16 26 32 31 
27 3 2 32 26 20 
24 25 19 18 100 28 29 
25 30 6 5 29 23 
30 21 19 23 24 
21 16 13 20 22 32 
141 20 22 3 45 145 
112 100 23 29 140 
24 5 4 140 28 23 
31 7 6 24 25 21 
30 7 1 32 21 
22 2 1 31 21 26 
37 157 153 57 
38 158 154 58 
39 159 155 59 
40 160 156 60 
33 157 117 41 
34 158 118 42 
35 159 119 43 
36 160 120 44 
37 117 137 46 
38 118 138 47 
39 119 139 48 
4 140 120 40 
3 27 145 49 
41 137 146 50 
42 138 147 51 
43 139 148 52 
45 145 125 53 
46 146 126 54 
47 147 127 55 
48 148 128 56 
49 125 149 57 
50 126 150 58 
51 127 151 59 
52 128 152 60 
33 153 149 53 
34 154 150 54 
35 155 151 55 
36 156 152 56 
73 10 9 8 0 62 65 
74 69 65 61 0 63 66 
75 67 64 0 62 66 70 
76 71 67 63 0 8 68 
89 73 61 62 69 77 
90 74 62 63 70 78 
91 75 63 64 71 79 
92 76 64 8 72 80 
85 74 62 65 77 
86 75 63 66 78 
87 76 64 67 79 
88 11 8 68 80 
101 14 10 61 65 89 
90 66 62 69 85 102 
91 67 63 70 86 103 
92 68 64 71 87 104 
81 85 69 65 89 93 
82 86 70 66 90 94 
83 87 71 67 91 95 
84 88 72 68 92 96 
109 133 93 77 85 97 
110 134 94 78 86 98 
111 135 95 79 87 99 
112 136 96 80 88 100 
97 102 74 69 77 81 
98 103 75 70 78 82 
99 104 76 71 79 83 
84 100 18 11 72 80 
105 101 73 65 77 93 
106 102 74 66 78 94 
107 103 75 67 79 95 
108 104 76 68 80 96 
113 133 81 77 89 105 
114 134 82 78 90 106 
115 135 83 79 91 107 
116 136 84 80 92 108 
102 85 81 109 142 122 
103 86 82 110 143 123 
104 87 83 111 144 124 
112 28 23 18 88 84 
121 17 14 73 89 105 
97 85 74 90 106 122 
98 86 75 91 107 123 
99 87 76 92 108 124 
129 113 93 89 101 121 
130 114 94 90 102 122 
131 115 95 91 103 123 
132 116 96 92 104 124 
137 142 97 81 133 117 
138 143 98 82 134 118 
139 144 99 83 135 119 
136 84 100 28 140 120 
149 129 105 93 133 157 153 
150 130 106 94 134 158 154 
151 131 107 95 135 159 155 
152 132 108 96 136 160 156 
137 41 37 157 133 109 
138 42 38 158 134 110 
139 43 39 159 135 111 
140 44 40 160 136 112 
129 105 101 17 141 145 125 
130 106 102 97 142 146 126 
131 107 103 98 143 147 127 
132 108 104 99 144 148 128 
129 149 53 49 145 121 
130 150 54 50 146 122 
131 151 55 51 147 123 
132 152 56 52 148 124 
149 113 105 121 125 
150 114 106 122 126 
151 115 107 123 127 
152 116 108 124 128 
113 93 81 109 117 157 
114 94 82 110 118 158 
115 95 83 111 119 159 
116 96 84 112 120 160 
146 46 41 117 109 142 
147 47 42 118 110 143 
148 48 43 119 111 144 
112 28 29 4 44 120 
27 20 17 121 145 
137 109 97 122 146 
138 110 98 123 147 
139 111 99 124 148 
49 45 27 141 121 125 
126 50 46 137 142 122 
127 51 47 138 143 123 
128 52 48 139 144 124 
153 57 53 125 129 113 
154 58 54 126 130 114 
155 59 55 127 131 115 
156 60 56 128 132 116 
149 57 33 157 113 
150 58 34 158 114 
151 59 35 159 115 
152 60 36 160 116 
117 37 33 153 113 133 
118 38 34 154 114 134 
119 39 35 155 115 135 
120 40 36 156 116 136 