2 191 190 1 8 13 
187 190 0 8 6 5 
201 13 0 191 172 
108 46 4 184 140 
7 5 184 3 46 52 
4 184 187 1 6 7 
10 7 5 1 8 9 
10 53 52 4 5 6 
9 14 13 0 1 6 
14 8 6 10 11 16 
53 7 6 9 11 55 
12 15 16 9 10 55 
35 55 11 15 24 
201 2 0 8 14 19 
19 13 8 9 16 17 
31 18 16 11 12 24 
17 14 9 11 15 18 
21 20 19 14 16 18 
21 32 31 15 16 17 
20 199 201 13 14 17 
199 19 17 21 22 198 
32 18 17 20 22 34 
192 198 20 21 34 23 
56 34 22 192 211 
25 42 35 12 15 31 
43 42 24 31 29 28 
80 58 27 45 67 
30 28 45 26 58 59 
27 45 43 25 29 30 
33 30 28 25 31 32 
33 57 59 27 28 29 
29 25 24 15 18 32 
33 29 31 18 21 34 
57 30 29 32 34 56 
33 32 21 22 23 56 
36 42 24 12 55 54 
39 51 54 35 42 40 
101 48 38 69 90 
41 70 69 37 48 39 
38 48 51 36 40 41 
41 39 36 42 43 44 
68 70 38 39 40 44 
40 36 35 24 25 43 
44 40 42 25 28 45 
68 41 40 43 45 67 
43 28 27 26 67 44 
47 52 4 3 108 107 
49 104 107 46 52 50 
51 49 101 37 38 39 
101 104 47 50 51 48 
54 53 52 47 49 51 
49 50 54 36 39 48 
50 47 46 4 7 53 
54 50 52 7 10 55 
50 53 55 35 36 51 
54 53 10 11 12 35 
57 62 211 23 34 33 
62 60 59 30 33 56 
61 59 27 26 80 81 
60 61 58 27 30 57 
64 63 62 57 59 61 
64 79 81 58 59 60 
209 211 56 57 60 63 
209 62 60 64 65 208 
79 61 60 63 65 78 
202 208 63 64 78 66 
171 202 65 78 141 
44 45 26 80 73 68 
73 71 70 41 44 67 
91 90 37 38 70 72 
71 72 69 38 41 68 
75 74 73 68 70 72 
75 89 91 69 70 71 
74 83 80 67 68 71 
83 73 71 75 76 86 
89 72 71 74 76 88 
87 86 74 75 88 77 
119 88 76 87 143 
84 79 64 65 66 141 
84 82 81 61 64 78 
83 73 67 26 58 81 
82 83 80 58 61 79 
83 81 79 84 85 86 
81 80 73 74 86 82 
85 142 141 78 79 82 
144 87 86 82 84 142 
82 83 74 76 87 85 
144 85 86 76 77 143 
94 89 75 76 77 119 
94 92 91 72 75 88 
93 102 101 37 69 91 
92 93 90 69 72 89 
96 95 94 89 91 93 
100 102 90 91 92 96 
95 117 119 88 89 92 
116 97 96 92 94 117 
99 97 95 92 93 100 
109 116 95 96 99 98 
122 109 97 99 133 
105 100 96 97 98 133 
105 103 102 93 96 99 
104 102 90 37 48 49 
103 104 101 90 93 100 
107 104 102 100 105 106 
102 103 107 47 49 101 
106 136 133 99 100 103 
136 105 103 107 108 139 
103 106 108 46 47 104 
106 139 140 3 46 107 
123 110 116 97 98 122 
113 121 123 109 116 114 
162 150 112 120 161 
115 113 120 111 150 149 
120 121 110 114 115 112 
118 117 116 110 113 115 
118 146 149 112 113 114 
114 117 95 97 109 110 
118 119 94 95 116 114 
146 115 114 117 119 143 
117 118 143 77 88 94 
121 126 161 111 112 113 
126 124 123 110 113 120 
125 134 133 98 109 123 
124 125 122 109 110 121 
125 123 121 126 127 128 
132 134 122 123 124 128 
127 159 161 120 121 124 
158 129 128 124 126 159 
132 125 124 127 129 131 
130 151 158 127 128 131 
182 131 129 151 181 
137 132 128 129 130 182 
137 135 134 125 128 131 
105 99 98 122 134 136 
135 136 133 122 125 132 
139 138 137 132 134 136 
134 133 105 106 139 135 
138 183 182 131 132 135 
183 137 135 139 140 185 
135 136 106 108 140 138 
185 184 3 108 139 138 
142 84 78 66 171 147 
147 141 84 85 144 145 
146 144 87 77 119 118 
145 142 85 87 143 146 
149 146 144 142 147 148 
144 145 149 115 118 143 
148 169 171 141 142 145 
169 147 145 149 150 168 
145 148 150 112 115 146 
148 168 162 111 112 149 
180 152 158 129 130 181 
155 177 180 151 158 156 
194 174 154 164 204 
157 165 164 153 174 155 
154 174 177 152 156 157 
157 155 152 158 159 160 
163 165 154 155 156 160 
156 159 127 129 151 152 
160 161 126 127 158 156 
163 157 156 159 161 162 
159 126 120 111 162 160 
160 161 111 150 168 163 
168 166 165 157 160 162 
205 204 153 154 165 167 
166 167 164 154 157 163 
170 169 168 163 165 167 
170 203 205 164 165 166 
166 169 148 150 162 163 
170 171 147 148 168 166 
203 167 166 169 171 202 
147 141 66 202 170 169 
173 178 191 2 201 200 
175 197 200 172 178 176 
177 175 194 153 154 155 
194 197 173 176 177 174 
180 179 178 173 175 177 
175 176 180 152 155 174 
189 191 172 173 176 179 
189 178 176 180 181 188 
176 179 181 151 152 177 
179 180 151 130 182 188 
183 137 131 130 181 188 
188 182 137 138 185 186 
187 5 4 3 140 185 
186 183 138 140 184 187 
190 189 188 183 185 187 
185 186 190 1 5 184 
186 189 179 181 182 183 
190 191 178 179 188 186 
186 189 191 0 1 187 
178 189 190 0 2 172 
210 193 198 22 23 211 
207 210 192 198 196 195 
197 195 204 153 174 175 
194 204 207 193 196 197 
200 197 195 193 198 199 
195 196 200 173 175 194 
196 199 20 22 192 193 
200 201 19 20 198 196 
196 199 201 172 173 197 
199 19 13 2 172 200 
170 203 208 65 66 171 
208 206 205 167 170 202 
207 195 194 153 164 205 
206 207 204 164 167 203 
210 209 208 203 205 207 
205 206 210 193 195 204 
206 209 63 65 202 203 
210 211 62 63 208 206 
206 209 211 192 193 207 
209 210 192 23 56 62 
