168 166 164 161 162 
176 174 172 171 
183 181 178 179 
188 186 185 
192 190 187 185 
196 194 193 192 
200 198 197 196 
200 173 171 
205 167 164 165 202 201 
212 210 207 201 203 208 
219 217 211 207 205 206 215 
222 213 210 211 218 
229 227 209 208 214 225 
234 220 217 218 224 232 
239 223 222 224 233 237 
240 223 213 212 214 226 
245 231 225 226 242 243 
252 235 234 236 248 249 
255 251 236 232 233 238 
258 241 239 240 242 244 
263 247 243 244 260 261 
268 266 246 245 247 264 
272 250 248 251 256 270 
271 270 191 190 193 195 
275 259 241 237 238 257 
276 259 258 260 262 
265 261 262 175 174 177 
265 263 264 182 178 180 
278 189 186 187 191 272 273 
277 257 255 256 271 274 
274 195 194 197 199 
277 275 276 175 172 173 198 199 
179 180 177 176 
286 284 282 281 
293 291 289 288 
300 298 296 295 
307 305 303 302 
314 312 310 309 
321 319 317 316 
328 326 324 323 
330 279 189 188 
332 184 183 
334 311 309 
336 318 316 
338 325 323 
342 340 333 332 
346 344 335 334 
350 348 337 336 
354 352 339 338 
358 356 343 342 
362 360 347 346 
366 364 351 350 
370 368 355 354 
374 372 359 358 
377 375 363 362 
380 378 367 366 
383 381 371 370 
374 283 281 
377 290 288 
380 297 295 
383 304 302 
386 384 163 161 165 204 
391 389 170 162 163 385 
396 394 169 168 170 390 
395 169 166 167 206 216 
404 402 388 386 387 400 
411 409 393 391 392 407 
418 416 398 396 397 414 
423 221 215 216 399 421 
403 388 204 202 203 209 228 
427 401 387 384 385 393 410 
430 408 392 389 390 398 417 
433 415 397 394 395 399 422 
436 405 402 403 426 
439 412 409 410 429 
442 419 416 417 432 
445 425 421 422 435 
450 428 401 400 406 448 
455 431 408 407 413 453 
460 434 415 414 420 458 
424 221 219 220 235 253 
464 438 426 228 227 230 
467 441 429 427 428 451 
470 444 432 430 431 456 
473 447 435 433 434 461 
478 437 436 438 465 476 
483 440 439 441 468 481 
488 443 442 444 471 486 
493 446 445 447 474 491 
479 437 405 404 406 449 
484 440 412 411 413 454 
489 443 419 418 420 459 
494 446 425 423 424 463 
502 452 448 449 496 500 
507 457 453 454 497 505 
512 462 458 459 498 510 
515 254 252 253 463 499 
466 230 229 231 246 267 
519 469 451 450 452 503 
522 472 456 455 457 508 
525 475 461 460 462 513 
528 518 466 464 465 477 
531 482 468 467 469 520 
534 523 472 470 471 487 
537 492 474 473 475 526 
540 480 478 479 496 501 
543 485 483 484 497 506 
546 490 488 489 498 511 
549 495 493 494 499 517 
554 504 500 501 542 552 
559 509 505 506 545 557 
564 514 510 511 548 562 
569 516 515 517 551 567 
571 521 503 502 504 555 
573 524 508 507 509 560 
575 527 513 512 514 565 
516 254 249 250 273 280 
577 269 266 267 518 529 
579 533 520 519 521 572 
581 535 523 522 524 574 
583 539 526 525 527 576 
578 577 341 340 343 357 
580 579 345 344 347 361 
582 581 349 348 351 365 
584 583 353 352 355 369 
589 541 480 476 477 530 
592 544 485 481 482 532 
595 547 490 486 487 536 
598 550 495 491 492 538 
590 541 540 542 553 
593 544 543 545 558 
596 547 546 548 563 
599 550 549 551 568 
556 552 553 285 284 287 
561 557 558 292 291 294 
566 562 563 299 298 301 
570 567 568 306 305 308 
556 554 555 313 312 315 
561 559 560 320 319 322 
566 564 565 327 326 329 
570 569 280 278 279 331 
341 333 184 181 182 268 269 
572 571 313 310 311 335 345 
574 573 320 317 318 337 349 
576 575 327 324 325 339 353 
591 530 528 529 578 585 
594 532 531 533 580 586 
597 536 534 535 582 587 
600 538 537 539 584 588 
585 357 356 359 373 
586 361 360 363 376 
587 365 364 367 379 
588 369 368 371 382 
591 589 590 285 282 283 372 373 
594 592 593 292 289 290 375 376 
597 595 596 299 296 297 378 379 
600 598 599 306 303 304 381 382 
314 315 287 286 
321 322 294 293 
328 329 301 300 
330 331 308 307 
165 164 0 162 163 61 
170 62 163 161 0 168 
385 62 162 161 61 384 
167 8 165 161 0 166 
204 61 161 164 8 202 
169 168 0 164 167 64 
206 205 8 164 166 64 
170 162 0 166 169 63 
395 64 166 168 63 394 
390 63 168 162 62 389 
7 173 172 1 
175 174 1 171 173 31 
198 31 172 171 7 200 
177 26 175 172 1 176 
276 31 172 174 26 262 
32 177 174 1 
180 32 176 174 26 265 
182 27 180 179 2 181 
32 180 178 2 
177 32 179 178 27 265 
184 183 2 178 182 141 
268 141 181 178 27 264 
41 184 181 2 
333 332 41 183 181 141 
4 187 186 3 
189 28 187 185 3 188 
191 190 4 185 186 28 
40 189 186 3 
279 40 188 186 28 278 
193 192 4 187 191 23 
272 28 187 190 23 270 
5 193 190 4 
195 23 190 192 5 194 
197 196 5 193 195 30 
274 271 23 193 194 30 
6 197 194 5 
199 30 194 196 6 198 
173 31 199 197 6 200 
277 31 198 197 30 274 
7 173 198 6 
207 9 203 202 8 205 
204 165 8 201 203 69 
209 208 9 201 202 69 
388 386 61 165 202 69 
207 201 8 167 206 10 
216 64 167 205 10 215 
211 10 205 201 9 210 
214 12 209 203 9 212 
228 69 203 208 12 227 
213 11 211 207 9 212 
218 11 210 207 10 217 
214 208 9 210 213 15 
223 222 11 210 212 15 
226 15 212 208 12 225 
221 68 216 206 10 219 
399 68 215 206 64 395 
220 13 218 211 10 219 
224 13 217 211 11 222 
221 215 10 217 220 80 
235 234 13 217 219 80 
424 80 219 215 68 423 
224 218 11 213 223 14 
240 15 213 222 14 239 
233 14 222 218 13 232 
231 16 226 214 12 229 
242 16 225 214 15 240 
230 81 228 209 12 229 
426 403 69 209 227 81 
231 225 12 227 230 97 
466 97 229 227 81 464 
246 245 16 225 229 97 
236 234 13 224 233 18 
238 18 232 224 14 237 
236 17 235 220 13 232 
253 80 220 234 17 252 
251 18 232 234 17 248 
241 239 14 233 238 24 
257 24 237 233 18 255 
241 19 240 223 14 237 
242 226 15 223 239 19 
259 24 237 239 19 258 
244 19 240 226 16 243 
247 20 244 242 16 245 
260 20 243 242 19 258 
247 243 16 231 246 21 
267 97 231 245 21 266 
264 21 245 243 20 263 
251 236 17 249 250 22 
254 252 17 248 250 116 
273 272 22 248 249 116 
256 22 248 236 18 255 
254 96 253 235 17 249 
463 424 80 235 252 96 
516 515 96 252 249 116 
257 238 18 251 256 29 
271 270 22 251 255 29 
277 29 255 238 24 275 
260 244 19 241 259 25 
276 25 258 241 24 275 
262 25 258 244 20 261 
265 26 262 260 20 263 
175 276 25 260 261 26 
265 261 20 247 264 27 
182 268 21 247 263 27 
180 177 26 261 263 27 
269 117 267 246 21 268 
518 466 97 246 266 117 
182 141 269 266 21 264 
341 141 268 266 117 577 
191 272 22 256 271 23 
274 29 256 270 23 195 
191 28 273 250 22 270 
280 116 250 272 28 278 
199 277 29 271 195 30 
277 257 24 259 276 31 
175 31 275 259 25 262 
199 31 275 257 29 274 
280 273 28 189 279 140 
331 140 278 189 40 330 
569 516 116 273 278 140 
57 283 282 33 
285 284 33 281 283 153 
372 153 282 281 57 374 
287 133 285 282 33 286 
590 153 282 284 133 553 
157 287 284 33 
315 157 286 284 133 556 
58 290 289 34 
292 291 34 288 290 154 
375 154 289 288 58 377 
294 134 292 289 34 293 
593 154 289 291 134 558 
158 294 291 34 
322 158 293 291 134 561 
59 297 296 35 
299 298 35 295 297 155 
378 155 296 295 59 380 
301 135 299 296 35 300 
596 155 296 298 135 563 
159 301 298 35 
329 159 300 298 135 566 
60 304 303 36 
306 305 36 302 304 156 
381 156 303 302 60 383 
308 136 306 303 36 307 
599 156 303 305 136 568 
160 308 305 36 
331 160 307 305 136 570 
42 311 310 37 
313 312 37 309 311 142 
335 334 42 309 310 142 
315 137 313 310 37 314 
571 142 310 312 137 555 
157 315 312 37 
287 157 314 312 137 556 
43 318 317 38 
320 319 38 316 318 143 
337 336 43 316 317 143 
322 138 320 317 38 321 
573 143 317 319 138 560 
158 322 319 38 
294 158 321 319 138 561 
44 325 324 39 
327 326 39 323 325 144 
339 338 44 323 324 144 
329 139 327 324 39 328 
575 144 324 326 139 565 
159 329 326 39 
301 159 328 326 139 566 
160 331 279 40 
308 160 330 279 140 570 
45 333 184 41 
341 340 45 332 184 141 
46 335 311 42 
345 344 46 334 311 142 
47 337 318 43 
349 348 47 336 318 143 
48 339 325 44 
353 352 48 338 325 144 
343 342 45 333 341 121 
269 141 333 340 121 577 
49 343 340 45 
357 121 340 342 49 356 
347 346 46 335 345 122 
572 142 335 344 122 579 
50 347 344 46 
361 122 344 346 50 360 
351 350 47 337 349 123 
574 143 337 348 123 581 
51 351 348 47 
365 123 348 350 51 364 
355 354 48 339 353 124 
576 144 339 352 124 583 
52 355 352 48 
369 124 352 354 52 368 
359 358 49 343 357 149 
585 578 121 343 356 149 
53 359 356 49 
373 149 356 358 53 372 
363 362 50 347 361 150 
586 580 122 347 360 150 
54 363 360 50 
376 150 360 362 54 375 
367 366 51 351 365 151 
587 582 123 351 364 151 
55 367 364 51 
379 151 364 366 55 378 
371 370 52 355 369 152 
588 584 124 355 368 152 
56 371 368 52 
382 152 368 370 56 381 
283 153 373 359 53 374 
591 153 372 359 149 585 
57 283 372 53 
290 154 376 363 54 377 
594 154 375 363 150 586 
58 290 375 54 
297 155 379 367 55 380 
597 155 378 367 151 587 
59 297 378 55 
304 156 382 371 56 383 
600 156 381 371 152 588 
60 304 381 56 
387 386 61 163 385 70 
393 391 62 163 384 70 
388 65 387 384 61 204 
401 70 384 386 65 400 
403 69 204 386 65 402 
392 391 62 170 390 71 
398 396 63 170 389 71 
393 66 392 389 62 385 
408 71 389 391 66 407 
410 70 385 391 66 409 
397 396 63 169 395 72 
399 216 64 169 394 72 
398 67 397 394 63 390 
415 72 394 396 67 414 
417 71 390 396 67 416 
422 72 395 216 68 421 
406 77 401 387 65 404 
428 77 400 387 70 427 
405 73 403 388 65 404 
426 73 402 388 69 228 
406 400 65 402 405 89 
437 436 73 402 404 89 
449 89 404 400 77 448 
413 78 408 392 66 411 
431 78 407 392 71 430 
412 74 410 393 66 411 
429 74 409 393 70 427 
413 407 66 409 412 90 
440 439 74 409 411 90 
454 90 411 407 78 453 
420 79 415 397 67 418 
434 79 414 397 72 433 
419 75 417 398 67 418 
432 75 416 398 71 430 
420 414 67 416 419 91 
443 442 75 416 418 91 
459 91 418 414 79 458 
425 76 422 399 68 423 
435 76 421 399 72 433 
425 421 68 221 424 92 
463 92 423 221 80 253 
446 445 76 421 423 92 
438 81 228 403 73 436 
429 410 70 401 428 82 
451 82 427 401 77 450 
441 82 427 410 74 439 
432 417 71 408 431 83 
456 83 430 408 78 455 
444 83 430 417 75 442 
435 422 72 415 434 84 
461 84 433 415 79 460 
447 84 433 422 76 445 
438 426 73 405 437 85 
479 89 405 436 85 478 
465 85 436 426 81 464 
441 429 74 412 440 86 
484 90 412 439 86 483 
468 86 439 429 82 467 
444 432 75 419 443 87 
489 91 419 442 87 488 
471 87 442 432 83 470 
447 435 76 425 446 88 
494 92 425 445 88 493 
474 88 445 435 84 473 
452 93 449 406 77 450 
496 93 448 406 89 479 
452 448 77 428 451 98 
469 98 450 428 82 467 
503 98 450 448 93 502 
457 94 454 413 78 455 
497 94 453 413 90 484 
457 453 78 431 456 99 
472 99 455 431 83 470 
508 99 455 453 94 507 
462 95 459 420 79 460 
498 95 458 420 91 489 
462 458 79 434 461 100 
475 100 460 434 84 473 
513 100 460 458 95 512 
499 96 253 424 92 494 
466 230 81 438 465 101 
477 101 464 438 85 476 
518 101 464 230 97 267 
469 451 82 441 468 102 
482 102 467 441 86 481 
520 102 467 451 98 519 
472 456 83 444 471 103 
487 103 470 444 87 486 
523 103 470 456 99 522 
475 461 84 447 474 104 
492 104 473 447 88 491 
526 104 473 461 100 525 
480 478 85 465 477 125 
530 125 476 465 101 528 
480 105 479 437 85 476 
496 449 89 437 478 105 
541 125 476 478 105 540 
485 483 86 468 482 126 
532 126 481 468 102 531 
485 106 484 440 86 481 
497 454 90 440 483 106 
544 126 481 483 106 543 
490 488 87 471 487 127 
536 127 486 471 103 534 
490 107 489 443 87 486 
498 459 91 443 488 107 
547 127 486 488 107 546 
495 493 88 474 492 128 
538 128 491 474 104 537 
495 108 494 446 88 491 
499 463 92 446 493 108 
550 128 491 493 108 549 
501 105 479 449 93 500 
506 106 484 454 94 505 
511 107 489 459 95 510 
517 108 494 463 96 515 
504 109 501 496 93 502 
542 109 500 496 105 540 
504 500 93 452 503 113 
521 113 502 452 98 519 
555 113 502 500 109 554 
509 110 506 497 94 507 
545 110 505 497 106 543 
509 505 94 457 508 114 
524 114 507 457 99 522 
560 114 507 505 110 559 
514 111 511 498 95 512 
548 111 510 498 107 546 
514 510 95 462 513 115 
527 115 512 462 100 525 
565 115 512 510 111 564 
517 499 96 254 516 112 
280 569 112 515 254 116 
551 112 515 499 108 549 
529 117 267 466 101 528 
521 503 98 469 520 118 
533 118 519 469 102 531 
572 118 519 503 113 571 
524 508 99 472 523 119 
535 119 522 472 103 534 
574 119 522 508 114 573 
527 513 100 475 526 120 
539 120 525 475 104 537 
576 120 525 513 115 575 
530 477 101 518 529 145 
578 577 117 518 528 145 
591 145 528 477 125 589 
533 520 102 482 532 146 
594 146 531 482 126 592 
580 579 118 520 531 146 
536 487 103 523 535 147 
582 581 119 523 534 147 
597 147 534 487 127 595 
539 526 104 492 538 148 
600 148 537 492 128 598 
584 583 120 526 537 148 
542 501 105 480 541 129 
590 129 540 480 125 589 
553 129 540 501 109 552 
545 506 106 485 544 130 
593 130 543 485 126 592 
558 130 543 506 110 557 
548 511 107 490 547 131 
596 131 546 490 127 595 
563 131 546 511 111 562 
551 517 108 495 550 132 
599 132 549 495 128 598 
568 132 549 517 112 567 
556 133 553 542 109 554 
285 590 129 542 552 133 
556 552 109 504 555 137 
313 571 113 504 554 137 
315 287 133 552 554 137 
561 134 558 545 110 559 
292 593 130 545 557 134 
561 557 110 509 560 138 
320 573 114 509 559 138 
322 294 134 557 559 138 
566 135 563 548 111 564 
299 596 131 548 562 135 
566 562 111 514 565 139 
327 575 115 514 564 139 
329 301 135 562 564 139 
570 136 568 551 112 569 
306 599 132 551 567 136 
570 567 112 516 280 140 
331 308 136 567 569 140 
313 142 572 521 113 555 
345 142 571 521 118 579 
320 143 574 524 114 560 
349 143 573 524 119 581 
327 144 576 527 115 565 
353 144 575 527 120 583 
578 121 341 269 117 529 
585 145 529 577 121 357 
345 572 118 533 580 122 
586 146 533 579 122 361 
349 574 119 535 582 123 
587 147 535 581 123 365 
353 576 120 539 584 124 
588 148 539 583 124 369 
373 591 145 578 357 149 
376 594 146 580 361 150 
379 597 147 582 365 151 
382 600 148 584 369 152 
591 530 125 541 590 153 
285 153 589 541 129 553 
373 153 589 530 145 585 
594 532 126 544 593 154 
292 154 592 544 130 558 
376 154 592 532 146 586 
597 536 127 547 596 155 
299 155 595 547 131 563 
379 155 595 536 147 587 
600 538 128 550 599 156 
306 156 598 550 132 568 
382 156 598 538 148 588 
