2 3 6 1 87 84 
4 5 6 0 87 69 
10 3 0 84 82 
12 7 6 0 2 10 
28 5 1 69 54 
30 8 6 1 4 28 
5 1 0 3 7 8 
9 11 12 3 6 8 
9 22 30 5 6 7 
22 8 7 11 16 
13 12 3 2 82 90 
16 9 7 12 14 20 
14 13 10 3 7 11 
15 88 90 10 12 14 
15 13 12 11 20 21 
21 14 13 88 31 
17 20 11 9 22 26 
18 19 20 16 26 27 
32 19 17 27 37 
33 21 20 17 18 32 
19 17 16 11 14 21 
31 15 14 20 19 33 
16 9 8 30 23 26 
24 29 30 22 26 25 
38 25 23 29 47 
38 24 23 26 27 39 
27 17 16 22 23 25 
39 25 26 17 18 37 
29 30 5 4 54 53 
47 24 23 30 28 53 
23 29 28 5 8 22 
33 21 15 88 91 34 
35 33 19 18 37 44 
34 35 32 19 21 31 
36 35 33 31 91 81 
36 43 44 32 33 34 
70 81 34 35 43 
40 39 27 18 32 44 
39 25 24 47 48 41 
40 41 38 25 27 37 
42 45 44 37 39 41 
42 40 39 38 48 46 
46 41 40 45 60 
70 36 35 44 45 71 
45 40 37 32 35 43 
60 42 40 44 43 71 
60 42 41 48 49 59 
50 53 29 24 38 48 
49 50 47 38 41 46 
51 50 48 46 59 55 
51 49 48 47 53 52 
62 55 49 50 52 
68 54 53 50 51 62 
50 52 54 28 29 47 
52 68 69 4 28 53 
62 51 49 59 56 63 
57 61 63 55 59 58 
72 58 56 61 78 
72 57 56 59 60 71 
56 58 60 46 49 55 
59 46 42 45 71 58 
78 57 56 63 64 77 
65 68 52 51 55 63 
64 65 62 55 56 61 
66 65 63 61 77 73 
66 64 63 62 68 67 
67 65 64 73 86 
86 66 65 68 69 87 
67 65 62 52 54 69 
68 67 87 1 4 54 
80 81 36 43 71 72 
60 45 43 70 72 58 
70 80 78 57 58 71 
85 74 77 64 66 86 
75 83 85 73 77 76 
79 76 74 83 89 
79 75 74 77 78 80 
73 64 61 78 76 74 
80 72 57 61 77 76 
80 76 75 89 91 81 
76 79 81 70 72 78 
70 36 34 91 79 80 
83 85 84 2 10 90 
89 75 74 85 82 90 
85 86 87 0 2 82 
82 84 86 73 74 83 
84 85 73 66 67 87 
69 1 0 84 86 67 
31 15 13 90 89 91 
88 91 79 75 83 90 
89 83 82 10 13 88 
79 89 88 31 34 81 
