1 7 76 
0 7 10 2 
1 10 8 3 
2 8 9 4 
3 9 14 5 
4 14 13 6 
5 13 28 
11 10 1 0 76 95 
17 9 3 2 10 12 
15 14 4 3 8 17 
12 8 2 1 7 11 
20 12 10 7 95 93 
20 11 10 8 17 18 
35 28 6 5 14 16 
16 13 5 4 9 15 
22 16 14 9 17 19 
22 15 14 13 35 36 
19 15 9 8 12 18 
24 19 17 12 20 21 
24 18 17 15 22 23 
21 18 12 11 93 89 
89 20 18 24 25 88 
43 36 16 15 19 23 
43 22 19 24 26 47 
26 23 19 18 21 25 
27 26 24 21 88 81 
27 25 24 23 47 48 
48 26 25 81 49 
29 35 13 6 
32 33 35 28 
32 34 39 31 
37 38 39 30 
30 34 33 29 
42 34 32 29 35 36 
42 33 32 30 39 40 
33 36 16 13 28 29 
42 43 22 16 35 33 
55 38 31 
56 55 37 31 39 41 
41 38 31 30 34 40 
45 41 39 34 42 44 
45 40 39 38 56 51 
44 40 34 33 36 43 
44 47 23 22 36 42 
47 43 42 40 45 46 
50 51 41 40 44 46 
50 45 44 47 48 52 
46 48 26 23 43 44 
52 49 27 26 47 46 
53 52 48 27 81 105 
54 52 46 45 51 59 
59 50 45 41 56 57 
53 49 48 46 50 54 
62 54 52 49 105 103 
62 53 52 50 59 60 
58 56 38 37 
57 51 41 38 55 58 
64 58 56 51 59 61 
64 57 56 55 
61 57 51 50 54 60 
66 61 59 54 62 63 
66 60 59 57 64 65 
63 60 54 53 103 99 
99 62 60 66 67 98 
58 57 61 65 
64 61 66 68 
68 65 61 60 63 67 
69 68 66 63 98 75 
69 67 66 65 
68 67 75 
79 84 71 
70 84 100 72 
71 100 97 73 
72 97 96 74 
73 96 98 75 
69 67 98 74 
77 95 7 0 
80 94 95 76 
80 91 90 79 
70 84 90 78 
78 91 94 77 
105 49 27 25 88 82 
85 86 88 81 105 104 
85 87 90 84 100 101 
83 100 71 70 79 90 
83 87 86 82 104 101 
92 87 85 82 88 89 
92 86 85 83 90 91 
82 81 25 21 89 86 
86 88 21 20 93 92 
83 84 79 78 91 87 
92 94 80 78 90 87 
94 91 87 86 89 93 
92 89 20 11 95 94 
92 91 80 77 95 93 
94 93 11 7 76 77 
99 98 74 73 97 102 
102 96 73 72 100 101 
74 75 67 63 99 96 
96 98 63 62 103 102 
101 97 72 71 84 83 
102 104 85 83 100 97 
104 101 97 96 99 103 
102 99 62 53 105 104 
102 101 85 82 105 103 
104 103 53 49 81 82 
