62 61 8 64 63 
7 31 26 32 
32 27 141 41 
4 28 40 
3 28 23 5 
4 23 30 6 
5 30 31 7 
1 31 6 
9 69 61 0 64 10 
12 69 8 10 11 15 
68 64 8 9 11 13 80 
13 10 9 15 14 
16 15 9 69 81 97 
18 14 11 10 80 17 
24 18 13 11 15 19 
14 11 9 12 16 19 
20 19 15 12 97 21 
116 22 18 13 80 96 
24 14 13 17 22 29 
16 15 14 24 25 20 
26 25 19 16 21 27 
27 20 16 97 117 141 
23 29 18 17 116 28 
29 30 5 4 28 22 
29 18 14 19 25 31 
26 20 19 24 31 
27 32 1 31 25 20 
20 26 32 2 141 21 
22 23 4 3 40 140 116 
23 22 18 24 31 30 
31 6 5 23 29 
25 26 1 7 6 30 29 24 
1 26 27 2 
57 153 133 157 
58 154 134 158 
59 155 135 159 
60 156 136 160 
42 142 137 157 
43 143 138 158 
44 144 139 159 
3 28 140 160 
2 141 45 
37 142 46 
38 143 47 
39 144 48 
41 141 121 49 
42 142 122 50 
43 143 123 51 
44 144 124 52 
45 121 149 53 
46 122 150 54 
47 123 151 55 
48 124 152 56 
49 149 153 57 
50 150 154 58 
51 151 155 59 
52 152 156 60 
33 153 53 
34 154 54 
35 155 55 
36 156 56 
69 8 0 62 70 65 
70 61 0 63 71 66 
71 62 0 64 72 67 
68 10 8 0 63 72 
77 70 61 69 73 89 
78 71 62 70 74 90 
79 72 63 71 75 91 
76 72 64 10 80 92 
81 12 9 8 61 65 73 
74 66 62 61 65 77 82 
75 67 63 62 66 78 83 
76 68 64 63 67 79 84 
81 69 65 89 85 
82 70 66 90 86 
83 71 67 91 87 
84 72 68 92 88 
93 89 65 70 82 98 
94 90 66 71 83 99 
95 91 67 72 84 100 
96 17 13 10 68 92 
85 101 97 12 69 73 
102 86 74 70 77 98 
103 87 75 71 78 99 
104 88 76 72 79 100 
125 101 81 73 89 105 
126 102 82 74 90 106 
127 103 83 75 91 107 
128 104 84 76 92 108 
85 73 65 77 93 105 
86 74 66 78 94 106 
87 75 67 79 95 107 
88 76 68 80 96 108 
109 105 89 77 98 113 
110 106 90 78 99 114 
111 107 91 79 100 115 
108 92 80 17 116 112 
21 16 12 81 101 117 
118 102 82 77 93 113 
119 103 83 78 94 114 
120 104 84 79 95 115 
125 85 81 97 117 145 
146 126 86 82 98 118 
127 87 83 99 119 147 
148 128 88 84 100 120 
93 89 85 125 129 109 
94 90 86 126 130 110 
95 91 87 127 131 111 
96 92 88 128 132 112 
133 129 105 93 113 137 
134 130 106 94 114 138 
135 131 107 95 115 139 
136 132 108 96 116 140 
142 118 98 93 109 137 
143 119 99 94 110 138 
144 120 100 95 111 139 
28 22 17 96 112 140 
145 101 97 21 141 121 
122 146 102 98 113 142 
123 147 103 99 114 143 
124 148 104 100 115 144 
145 149 49 45 141 117 
146 150 50 46 142 118 
147 151 51 47 143 119 
148 152 52 48 144 120 
145 101 85 105 129 153 
146 102 86 106 130 154 
147 103 87 107 131 155 
148 104 88 108 132 156 
133 109 105 125 153 
134 110 106 126 154 
135 111 107 127 155 
136 112 108 128 156 
137 157 33 153 129 109 
138 158 34 154 130 110 
139 159 35 155 131 111 
140 160 36 156 132 112 
109 133 157 37 142 113 
110 134 158 38 143 114 
111 135 159 39 144 115 
160 40 28 116 112 136 
41 2 27 21 117 121 45 
118 122 46 42 37 137 113 
119 123 47 43 38 138 114 
120 124 48 44 39 139 115 
121 117 101 125 153 149 
122 118 102 126 154 150 
123 119 103 127 155 151 
124 120 104 128 156 152 
153 53 49 121 145 
154 54 50 122 146 
155 55 51 123 147 
156 56 52 124 148 
129 133 33 57 53 149 145 125 
130 134 34 58 54 150 146 126 
131 135 35 59 55 151 147 127 
132 136 36 60 56 152 148 128 
33 133 137 37 
34 134 138 38 
35 135 139 39 
36 136 140 40 
